<TICKER> <PER> <DATE> <TIME> <OPEN> <HIGH> <LOW> <CLOSE> <VOL>
USD000000TOD 60 20200630 100000 70.2000000 70.5900000 70.1525000 70.4475000 266276000
USD000000TOD 60 20200630 110000 70.4700000 70.6525000 70.3925000 70.6150000 150841000
USD000000TOD 60 20200630 120000 70.6225000 70.9675000 70.6225000 70.8000000 130346000
USD000000TOD 60 20200630 130000 70.8000000 70.9700000 70.7825000 70.9625000 74990000
USD000000TOD 60 20200630 140000 70.9550000 71.0800000 70.8550000 71.0600000 72714000
USD000000TOD 60 20200630 150000 71.0700000 71.2700000 71.0375000 71.1825000 105585000
USD000000TOD 60 20200630 160000 71.1800000 71.3075000 71.0500000 71.1300000 224021000
USD000000TOD 60 20200630 170000 71.1475000 71.3200000 71.0825000 71.2325000 62689000
USD000000TOD 60 20200702 100000 70.9825000 70.9825000 69.5525000 70.5125000 150246000
USD000000TOD 60 20200702 110000 70.5200000 70.5375000 70.3125000 70.3725000 105354000
USD000000TOD 60 20200702 120000 70.3700000 70.4000000 70.2125000 70.2500000 77496000
USD000000TOD 60 20200702 130000 70.2500000 70.3875000 70.2125000 70.3525000 70161000
USD000000TOD 60 20200702 140000 70.3600000 70.3975000 70.2625000 70.3250000 51609000
USD000000TOD 60 20200702 150000 70.3300000 70.4600000 70.1775000 70.2275000 70986000
USD000000TOD 60 20200702 160000 70.2300000 70.4225000 70.2100000 70.2725000 78408000
USD000000TOD 60 20200702 170000 70.2875000 70.4200000 70.2400000 70.3375000 31489000
USD000000TOD 60 20200703 100000 70.3000000 70.5375000 70.2800000 70.5000000 170140000
USD000000TOD 60 20200703 110000 70.4950000 70.5650000 70.4650000 70.5400000 101864000
USD000000TOD 60 20200703 120000 70.5400000 71.0150000 70.5325000 70.9550000 141116000
USD000000TOD 60 20200703 130000 70.9650000 71.2500000 70.9650000 71.1475000 108787000
USD000000TOD 60 20200703 140000 71.1575000 71.4625000 71.1125000 71.3500000 84058000
USD000000TOD 60 20200703 150000 71.3600000 71.5500000 71.2675000 71.3125000 54822000
USD000000TOD 60 20200703 160000 71.3075000 71.3800000 71.2200000 71.3425000 37885000
USD000000TOD 60 20200703 170000 71.3575000 71.4675000 71.2775000 71.4450000 20966000
USD000000TOD 60 20200706 100000 70.9225000 71.5300000 70.7875000 71.4950000 227573000
USD000000TOD 60 20200706 110000 71.4950000 71.8050000 71.4900000 71.7375000 180806000
USD000000TOD 60 20200706 120000 71.7400000 72.0675000 71.7275000 71.9350000 172858000
USD000000TOD 60 20200706 130000 71.9225000 71.9800000 71.8025000 71.8775000 54684000
USD000000TOD 60 20200706 140000 71.8700000 72.1000000 71.8500000 71.9975000 58050000
USD000000TOD 60 20200706 150000 72.0000000 72.0025000 71.7400000 71.7600000 44030000
USD000000TOD 60 20200706 160000 71.7500000 71.9150000 71.6375000 71.6875000 42632000
USD000000TOD 60 20200706 170000 71.6950000 71.7600000 71.5950000 71.6100000 16349000
USD000000TOD 60 20200707 100000 71.9525000 72.3000000 71.9025000 72.1600000 301801000
USD000000TOD 60 20200707 110000 72.1675000 72.2275000 71.9900000 72.0425000 137423000
USD000000TOD 60 20200707 120000 72.0550000 72.2500000 72.0100000 72.1500000 86253000
USD000000TOD 60 20200707 130000 72.1500000 72.1950000 71.9100000 71.9200000 51363000
USD000000TOD 60 20200707 140000 71.9150000 71.9200000 71.5975000 71.6875000 81376000
USD000000TOD 60 20200707 150000 71.6875000 71.7850000 71.5100000 71.5200000 59805000
USD000000TOD 60 20200707 160000 71.5200000 71.6150000 71.3300000 71.3300000 64963000
USD000000TOD 60 20200707 170000 71.3225000 71.3500000 71.2275000 71.3250000 21313000
USD000000TOD 60 20200708 100000 71.4900000 71.5600000 71.0525000 71.0800000 171124000
USD000000TOD 60 20200708 110000 71.0875000 71.1900000 71.0300000 71.1075000 104099000
USD000000TOD 60 20200708 120000 71.1025000 71.3100000 71.0375000 71.2300000 74058000
USD000000TOD 60 20200708 130000 71.2400000 71.3550000 71.0650000 71.1550000 60644000
USD000000TOD 60 20200708 140000 71.1500000 71.1775000 71.0450000 71.1025000 101819000
USD000000TOD 60 20200708 150000 71.0975000 71.4450000 71.0950000 71.3275000 83088000
USD000000TOD 60 20200708 160000 71.3550000 71.4000000 71.0700000 71.1700000 25141000
USD000000TOD 60 20200708 170000 71.1475000 71.3400000 71.1200000 71.2800000 12108000
USD000000TOD 60 20200709 100000 71.0200000 71.0700000 70.8300000 70.9150000 163210000
USD000000TOD 60 20200709 110000 70.9175000 70.9400000 70.6925000 70.7800000 123763000
USD000000TOD 60 20200709 120000 70.7800000 70.8800000 70.7275000 70.8450000 101496000
USD000000TOD 60 20200709 130000 70.8600000 70.8650000 70.6200000 70.7625000 83531000
USD000000TOD 60 20200709 140000 70.7500000 70.7675000 70.5500000 70.6250000 55507000
USD000000TOD 60 20200709 150000 70.6275000 70.6275000 70.4900000 70.5575000 38764000
USD000000TOD 60 20200709 160000 70.5750000 70.7375000 70.5625000 70.6125000 43813000
USD000000TOD 60 20200709 170000 70.6000000 70.8875000 70.5675000 70.8875000 20544000
USD000000TOD 60 20200710 100000 71.1825000 71.4200000 71.0500000 71.0975000 209848000
USD000000TOD 60 20200710 110000 71.0875000 71.2150000 71.0200000 71.1500000 108084000
USD000000TOD 60 20200710 120000 71.1425000 71.2675000 71.0900000 71.2000000 85012000
USD000000TOD 60 20200710 130000 71.1975000 71.2200000 71.0550000 71.0775000 45640000
USD000000TOD 60 20200710 140000 71.0725000 71.0725000 70.9425000 71.0550000 59788000
USD000000TOD 60 20200710 150000 71.0550000 71.1150000 70.9075000 70.9475000 33932000
USD000000TOD 60 20200710 160000 70.9350000 70.9350000 70.7250000 70.8300000 31877000
USD000000TOD 60 20200710 170000 70.8250000 70.9050000 70.6275000 70.6675000 17939000
USD000000TOD 60 20200713 100000 70.5975000 70.8425000 70.5000000 70.8050000 135399000
USD000000TOD 60 20200713 110000 70.8100000 70.8650000 70.7100000 70.8250000 73123000
USD000000TOD 60 20200713 120000 70.8300000 71.0200000 70.7975000 70.8825000 90060000
USD000000TOD 60 20200713 130000 70.8875000 70.9525000 70.8425000 70.8575000 51633000
USD000000TOD 60 20200713 140000 70.8525000 70.8725000 70.6425000 70.6925000 43221000
USD000000TOD 60 20200713 150000 70.6850000 70.8500000 70.6850000 70.8250000 36635000
USD000000TOD 60 20200713 160000 70.8150000 70.8375000 70.6700000 70.7150000 28169000
USD000000TOD 60 20200713 170000 70.7175000 70.7200000 70.5700000 70.6050000 19204000
USD000000TOD 60 20200714 100000 70.9000000 71.2600000 70.8275000 71.2450000 178944000
USD000000TOD 60 20200714 110000 71.2475000 71.3350000 71.1375000 71.1900000 79725000
USD000000TOD 60 20200714 120000 71.2000000 71.2925000 71.0300000 71.2100000 87435000
USD000000TOD 60 20200714 130000 71.2100000 71.2300000 71.0200000 71.0350000 52768000
USD000000TOD 60 20200714 140000 71.0300000 71.1250000 70.9600000 71.0000000 52404000
USD000000TOD 60 20200714 150000 71.0050000 71.2125000 70.9425000 71.1900000 95294000
USD000000TOD 60 20200714 160000 71.1875000 71.2425000 70.9900000 71.0500000 32993000
USD000000TOD 60 20200714 170000 71.0675000 71.1600000 71.0425000 71.1225000 14811000
USD000000TOD 60 20200715 100000 70.7525000 70.9325000 70.7150000 70.8000000 147345000
USD000000TOD 60 20200715 110000 70.8000000 70.8025000 70.6500000 70.7400000 77911000
USD000000TOD 60 20200715 120000 70.7275000 70.9850000 70.7150000 70.9600000 89484000
USD000000TOD 60 20200715 130000 70.9800000 71.1075000 70.9500000 70.9725000 84551000
USD000000TOD 60 20200715 140000 70.9600000 70.9800000 70.8250000 70.8875000 48824000
USD000000TOD 60 20200715 150000 70.8900000 70.8900000 70.7850000 70.8400000 49258000
USD000000TOD 60 20200715 160000 70.8375000 71.0550000 70.8275000 71.0225000 57636000
USD000000TOD 60 20200715 170000 71.0300000 71.0800000 70.8550000 70.9000000 19168000
USD000000TOD 60 20200716 100000 71.2650000 71.5200000 71.0950000 71.2300000 141000000
USD000000TOD 60 20200716 110000 71.2300000 71.3100000 71.1750000 71.2600000 72233000
USD000000TOD 60 20200716 120000 71.2625000 71.3500000 71.2150000 71.2625000 47195000
USD000000TOD 60 20200716 130000 71.2725000 71.3325000 71.2000000 71.2375000 68893000
USD000000TOD 60 20200716 140000 71.2475000 71.2500000 71.1125000 71.1400000 40295000
USD000000TOD 60 20200716 150000 71.1300000 71.1600000 71.0500000 71.1300000 41555000
USD000000TOD 60 20200716 160000 71.1225000 71.2575000 71.1200000 71.1900000 51968000
USD000000TOD 60 20200716 170000 71.2000000 71.2550000 71.1200000 71.1400000 20044000
USD000000TOD 60 20200717 100000 71.6575000 71.7500000 71.5375000 71.7500000 244960000
USD000000TOD 60 20200717 110000 71.7625000 71.8725000 71.7625000 71.8400000 106795000
USD000000TOD 60 20200717 120000 71.8475000 71.8975000 71.7500000 71.7850000 71055000
USD000000TOD 60 20200717 130000 71.7900000 71.8275000 71.6650000 71.6975000 33907000
USD000000TOD 60 20200717 140000 71.7050000 71.7700000 71.6725000 71.6775000 31822000
USD000000TOD 60 20200717 150000 71.6675000 71.7300000 71.5925000 71.6600000 42717000
USD000000TOD 60 20200717 160000 71.6650000 71.7800000 71.6275000 71.7525000 62829000
USD000000TOD 60 20200717 170000 71.7425000 71.9300000 71.7375000 71.8450000 23111000
USD000000TOD 60 20200720 100000 71.8425000 72.1350000 71.7825000 71.9425000 119859000
USD000000TOD 60 20200720 110000 71.9425000 72.0025000 71.8550000 71.8975000 79372000
USD000000TOD 60 20200720 120000 71.8900000 71.9225000 71.7025000 71.7550000 89517000
USD000000TOD 60 20200720 130000 71.7500000 71.7925000 71.5275000 71.5675000 105736000
USD000000TOD 60 20200720 140000 71.5600000 71.5750000 71.3975000 71.5000000 71183000
USD000000TOD 60 20200720 150000 71.5000000 71.5875000 71.4350000 71.5475000 40545000
USD000000TOD 60 20200720 160000 71.5300000 71.5750000 71.3175000 71.5350000 40096000
USD000000TOD 60 20200720 170000 71.5575000 71.6050000 71.3700000 71.4775000 15181000
USD000000TOD 60 20200721 100000 71.1025000 71.1375000 70.8750000 70.9400000 221760000
USD000000TOD 60 20200721 110000 70.9400000 70.9750000 70.8325000 70.8700000 102523000
USD000000TOD 60 20200721 120000 70.8725000 70.9275000 70.8375000 70.8550000 88268000
USD000000TOD 60 20200721 130000 70.8500000 70.8575000 70.6625000 70.7225000 76608000
USD000000TOD 60 20200721 140000 70.7225000 70.7950000 70.6950000 70.7625000 54836000
USD000000TOD 60 20200721 150000 70.7650000 70.9325000 70.7375000 70.9325000 43981000
USD000000TOD 60 20200721 160000 70.9325000 70.9325000 70.7600000 70.7850000 36193000
USD000000TOD 60 20200721 170000 70.7625000 70.8450000 70.7250000 70.7875000 16708000
USD000000TOD 60 20200722 100000 70.7675000 70.9425000 70.5925000 70.8150000 233418000
USD000000TOD 60 20200722 110000 70.8175000 70.9350000 70.7525000 70.8925000 101977000
USD000000TOD 60 20200722 120000 70.9025000 70.9800000 70.8200000 70.8900000 81217000
USD000000TOD 60 20200722 130000 70.8875000 70.9500000 70.8250000 70.8850000 49683000
USD000000TOD 60 20200722 140000 70.8800000 70.8800000 70.7175000 70.7250000 40320000
USD000000TOD 60 20200722 150000 70.7175000 70.8850000 70.7050000 70.7950000 38072000
USD000000TOD 60 20200722 160000 70.7900000 70.8475000 70.7350000 70.7850000 38587000
USD000000TOD 60 20200722 170000 70.7825000 70.8875000 70.7625000 70.8875000 25117000
USD000000TOD 60 20200723 100000 70.9600000 71.1200000 70.8675000 70.9025000 210555000
USD000000TOD 60 20200723 110000 70.9000000 70.9625000 70.8150000 70.9525000 98302000
USD000000TOD 60 20200723 120000 70.9600000 71.1850000 70.9575000 71.1500000 71863000
USD000000TOD 60 20200723 130000 71.1550000 71.3850000 71.1300000 71.2375000 101533000
USD000000TOD 60 20200723 140000 71.2375000 71.3750000 71.1850000 71.3000000 44472000
USD000000TOD 60 20200723 150000 71.3050000 71.6125000 71.3025000 71.6125000 47825000
USD000000TOD 60 20200723 160000 71.6200000 71.6200000 71.3200000 71.4075000 36426000
USD000000TOD 60 20200723 170000 71.4075000 71.5700000 71.3000000 71.3600000 17113000
USD000000TOD 60 20200724 100000 71.5450000 71.7275000 71.4600000 71.5650000 181838000
USD000000TOD 60 20200724 110000 71.5500000 71.6100000 71.3725000 71.3725000 100300000
USD000000TOD 60 20200724 120000 71.3775000 71.4275000 71.3200000 71.4100000 77296000
USD000000TOD 60 20200724 130000 71.4050000 71.7325000 71.3825000 71.7000000 234536000
USD000000TOD 60 20200724 140000 71.7000000 71.9575000 71.6875000 71.9450000 307004000
USD000000TOD 60 20200724 150000 71.9400000 71.9825000 71.8125000 71.8550000 133906000
USD000000TOD 60 20200724 160000 71.8625000 71.9100000 71.6925000 71.8500000 115865000
USD000000TOD 60 20200724 170000 71.8500000 71.8800000 71.7050000 71.7675000 55042000
USD000000TOD 60 20200727 100000 71.5100000 71.9325000 71.4250000 71.6250000 137139000
USD000000TOD 60 20200727 110000 71.6150000 71.6700000 71.5200000 71.5300000 68667000
USD000000TOD 60 20200727 120000 71.5350000 71.5800000 71.4925000 71.5025000 49588000
USD000000TOD 60 20200727 130000 71.5100000 71.5150000 71.4225000 71.4500000 50650000
USD000000TOD 60 20200727 140000 71.4425000 71.5025000 71.4275000 71.4700000 41618000
USD000000TOD 60 20200727 150000 71.4700000 71.6475000 71.4500000 71.5950000 34408000
USD000000TOD 60 20200727 160000 71.6125000 71.9300000 71.6050000 71.7275000 59853000
USD000000TOD 60 20200727 170000 71.7425000 71.8175000 71.6500000 71.6500000 18763000
USD000000TOD 60 20200728 100000 71.7850000 72.0975000 71.6125000 71.9900000 188575000
USD000000TOD 60 20200728 110000 72.0000000 72.0300000 71.9175000 71.9350000 118022000
USD000000TOD 60 20200728 120000 71.9450000 72.1600000 71.9250000 72.1600000 82598000
USD000000TOD 60 20200728 130000 72.1600000 72.3250000 72.1325000 72.1625000 66744000
USD000000TOD 60 20200728 140000 72.1650000 72.4850000 72.1275000 72.4625000 108305000
USD000000TOD 60 20200728 150000 72.4600000 72.4975000 72.3700000 72.4550000 47538000
USD000000TOD 60 20200728 160000 72.4600000 72.6425000 72.4300000 72.5450000 80796000
USD000000TOD 60 20200728 170000 72.5575000 72.5800000 72.4600000 72.5800000 17029000
USD000000TOD 60 20200729 100000 72.5275000 72.5275000 72.0600000 72.1625000 157335000
USD000000TOD 60 20200729 110000 72.1475000 72.2150000 72.1225000 72.1800000 85047000
USD000000TOD 60 20200729 120000 72.1775000 72.4675000 72.1450000 72.4200000 99082000
USD000000TOD 60 20200729 130000 72.4125000 72.5475000 72.3800000 72.5075000 76912000
USD000000TOD 60 20200729 140000 72.5100000 72.5850000 72.3000000 72.4100000 103082000
USD000000TOD 60 20200729 150000 72.4225000 72.5275000 72.3800000 72.4775000 44440000
USD000000TOD 60 20200729 160000 72.4825000 72.4900000 72.3250000 72.4225000 27567000
USD000000TOD 60 20200729 170000 72.4225000 72.5200000 72.3375000 72.4950000 20546000
USD000000TOD 60 20200730 100000 73.1000000 73.5875000 73.0525000 73.3950000 237301000
USD000000TOD 60 20200730 110000 73.3925000 73.4650000 73.3100000 73.4100000 58422000
USD000000TOD 60 20200730 120000 73.4100000 73.5775000 73.3175000 73.4300000 133613000
USD000000TOD 60 20200730 130000 73.4300000 73.7000000 73.4300000 73.6800000 121109000
USD000000TOD 60 20200730 140000 73.6675000 73.6900000 73.5425000 73.5700000 50765000
USD000000TOD 60 20200730 150000 73.5625000 73.7800000 73.4325000 73.4325000 63416000
USD000000TOD 60 20200730 160000 73.4350000 73.5450000 73.3400000 73.5400000 48190000
USD000000TOD 60 20200730 170000 73.5500000 73.7150000 73.5075000 73.6850000 32408000
USD000000TOD 60 20200731 100000 73.3400000 73.5000000 73.2625000 73.4275000 193350000
USD000000TOD 60 20200731 110000 73.4250000 73.8525000 73.3825000 73.8450000 182484000
USD000000TOD 60 20200731 120000 73.8400000 74.0700000 73.8275000 73.8625000 137913000
USD000000TOD 60 20200731 130000 73.8750000 73.9750000 73.8325000 73.8675000 32489000
USD000000TOD 60 20200731 140000 73.8675000 74.0300000 73.8550000 73.9650000 61387000
USD000000TOD 60 20200731 150000 73.9800000 74.1500000 73.9000000 74.0350000 43893000
USD000000TOD 60 20200731 160000 74.0450000 74.1325000 73.9650000 74.0100000 27629000
USD000000TOD 60 20200731 170000 74.0225000 74.1775000 73.9675000 74.1200000 44482000
USD000000TOD 60 20200803 100000 74.4000000 74.6100000 73.9625000 74.0725000 151778000
USD000000TOD 60 20200803 110000 74.0625000 74.1675000 73.9400000 74.0025000 113112000
USD000000TOD 60 20200803 120000 74.0025000 74.0825000 73.9175000 73.9400000 86040000
USD000000TOD 60 20200803 130000 73.9475000 74.0200000 73.6700000 73.7350000 94437000
USD000000TOD 60 20200803 140000 73.7350000 73.7875000 73.6525000 73.7725000 50545000
USD000000TOD 60 20200803 150000 73.7725000 74.1025000 73.7600000 74.0475000 51059000
USD000000TOD 60 20200803 160000 74.0500000 74.1075000 73.8550000 73.8750000 50822000
USD000000TOD 60 20200803 170000 73.8600000 73.8600000 73.4750000 73.5700000 46981000
USD000000TOD 60 20200804 100000 73.0675000 73.5800000 72.9200000 73.5575000 171505000
USD000000TOD 60 20200804 110000 73.5575000 73.6875000 73.4800000 73.5375000 78236000
USD000000TOD 60 20200804 120000 73.5425000 73.7475000 73.5375000 73.7400000 61066000
USD000000TOD 60 20200804 130000 73.7475000 74.0250000 73.7400000 73.8200000 87540000
USD000000TOD 60 20200804 140000 73.8275000 73.8625000 73.6600000 73.7575000 52312000
USD000000TOD 60 20200804 150000 73.7700000 73.9700000 73.6800000 73.9025000 25288000
USD000000TOD 60 20200804 160000 73.9025000 73.9550000 73.6075000 73.6600000 34828000
USD000000TOD 60 20200804 170000 73.6550000 73.6800000 73.5400000 73.5775000 15482000
USD000000TOD 60 20200805 100000 73.2025000 73.4825000 73.1250000 73.1600000 243241000
USD000000TOD 60 20200805 110000 73.1650000 73.3550000 73.0700000 73.0750000 73360000
USD000000TOD 60 20200805 120000 73.0750000 73.1500000 72.7750000 72.9625000 124239000
USD000000TOD 60 20200805 130000 72.9725000 73.1525000 72.9250000 73.0800000 75725000
USD000000TOD 60 20200805 140000 73.0675000 73.0950000 72.8000000 72.8025000 43004000
USD000000TOD 60 20200805 150000 72.8050000 73.0450000 72.8000000 72.9400000 49649000
USD000000TOD 60 20200805 160000 72.9250000 73.0400000 72.7100000 72.7350000 48063000
USD000000TOD 60 20200805 170000 72.7200000 72.9450000 72.7100000 72.9200000 11836000
USD000000TOD 60 20200806 100000 72.9200000 73.2800000 72.6650000 73.2750000 172726000
USD000000TOD 60 20200806 110000 73.2825000 73.3575000 73.1725000 73.3150000 97961000
USD000000TOD 60 20200806 120000 73.3150000 73.5100000 73.2850000 73.3150000 75561000
USD000000TOD 60 20200806 130000 73.3200000 73.5025000 73.2200000 73.4600000 54754000
USD000000TOD 60 20200806 140000 73.4725000 73.6075000 73.3475000 73.3750000 45050000
USD000000TOD 60 20200806 150000 73.3600000 73.4525000 73.2050000 73.3400000 44289000
USD000000TOD 60 20200806 160000 73.3400000 73.4325000 73.2650000 73.2975000 19550000
USD000000TOD 60 20200806 170000 73.2925000 73.5200000 73.2800000 73.5200000 13372000
USD000000TOD 60 20200807 100000 73.6100000 73.7475000 73.4900000 73.4900000 161584000
USD000000TOD 60 20200807 110000 73.4900000 73.6625000 73.4900000 73.5950000 117646000
USD000000TOD 60 20200807 120000 73.5950000 73.7900000 73.5900000 73.6650000 67841000
USD000000TOD 60 20200807 130000 73.6650000 73.6800000 73.4425000 73.5025000 78367000
USD000000TOD 60 20200807 140000 73.5025000 73.5725000 73.3950000 73.5525000 40636000
USD000000TOD 60 20200807 150000 73.5525000 73.6300000 73.3000000 73.4400000 84046000
USD000000TOD 60 20200807 160000 73.4400000 73.7850000 73.4325000 73.7075000 30008000
USD000000TOD 60 20200807 170000 73.7100000 73.9050000 73.6325000 73.6325000 17938000
USD000000TOD 60 20200810 100000 73.8000000 73.9975000 73.7050000 73.7125000 148910000
USD000000TOD 60 20200810 110000 73.7050000 73.7500000 73.5950000 73.6125000 76904000
USD000000TOD 60 20200810 120000 73.6025000 73.7150000 73.4950000 73.6525000 48654000
USD000000TOD 60 20200810 130000 73.6525000 73.7200000 73.5875000 73.6950000 51826000
USD000000TOD 60 20200810 140000 73.7025000 73.7775000 73.6950000 73.7500000 30335000
USD000000TOD 60 20200810 150000 73.7500000 73.7600000 73.6200000 73.6800000 25693000
USD000000TOD 60 20200810 160000 73.6725000 73.6725000 73.3400000 73.4625000 35844000
USD000000TOD 60 20200810 170000 73.4625000 73.5575000 73.4050000 73.4725000 19508000
USD000000TOD 60 20200811 100000 73.5000000 73.5650000 73.0675000 73.1150000 118322000
USD000000TOD 60 20200811 110000 73.1150000 73.1375000 72.8500000 72.8650000 104793000
USD000000TOD 60 20200811 120000 72.8800000 72.9475000 72.7500000 72.8550000 89299000
USD000000TOD 60 20200811 130000 72.8525000 72.8800000 72.7450000 72.8475000 48582000
USD000000TOD 60 20200811 140000 72.8475000 72.9425000 72.7200000 72.8400000 54079000
USD000000TOD 60 20200811 150000 72.8375000 72.8975000 72.6875000 72.8900000 34883000
USD000000TOD 60 20200811 160000 72.8700000 73.0775000 72.8300000 73.0750000 37064000
USD000000TOD 60 20200811 170000 73.0625000 73.1825000 73.0000000 73.0100000 15538000
USD000000TOD 60 20200812 100000 73.2050000 73.3275000 73.1000000 73.1625000 134094000
USD000000TOD 60 20200812 110000 73.1575000 73.3250000 73.1450000 73.2625000 64691000
USD000000TOD 60 20200812 120000 73.2675000 73.2875000 73.0450000 73.0675000 52060000
USD000000TOD 60 20200812 130000 73.0550000 73.1700000 73.0000000 73.1250000 38529000
USD000000TOD 60 20200812 140000 73.1375000 73.3200000 73.1350000 73.2325000 40261000
USD000000TOD 60 20200812 150000 73.2275000 73.3950000 73.1950000 73.2650000 115239000
USD000000TOD 60 20200812 160000 73.2525000 73.8200000 73.2000000 73.7325000 81716000
USD000000TOD 60 20200812 170000 73.7275000 73.7625000 73.5625000 73.6500000 24507000
USD000000TOD 60 20200813 100000 73.4500000 73.7700000 73.4125000 73.7050000 145002000
USD000000TOD 60 20200813 110000 73.7150000 73.7250000 73.4925000 73.5075000 93081000
USD000000TOD 60 20200813 120000 73.5025000 73.5300000 73.3900000 73.4575000 64178000
USD000000TOD 60 20200813 130000 73.4625000 73.5100000 73.3100000 73.4050000 48514000
USD000000TOD 60 20200813 140000 73.4000000 73.6250000 73.3375000 73.6150000 50186000
USD000000TOD 60 20200813 150000 73.6400000 73.7350000 73.5300000 73.5925000 37584000
USD000000TOD 60 20200813 160000 73.5900000 73.6750000 73.3925000 73.4100000 28584000
USD000000TOD 60 20200813 170000 73.4100000 73.4300000 73.0725000 73.2125000 21645000
USD000000TOD 60 20200814 100000 72.9000000 73.3175000 72.9000000 73.2525000 191286000
USD000000TOD 60 20200814 110000 73.2625000 73.4250000 73.2100000 73.3800000 81357000
USD000000TOD 60 20200814 120000 73.3850000 73.4625000 73.2525000 73.3550000 76929000
USD000000TOD 60 20200814 130000 73.3600000 73.4550000 73.3250000 73.3775000 41910000
USD000000TOD 60 20200814 140000 73.3750000 73.4300000 73.2450000 73.2650000 50806000
USD000000TOD 60 20200814 150000 73.2600000 73.2875000 73.1350000 73.2000000 47348000
USD000000TOD 60 20200814 160000 73.1950000 73.2050000 72.9550000 72.9800000 44336000
USD000000TOD 60 20200814 170000 72.9750000 73.0650000 72.8800000 72.8900000 19931000
USD000000TOD 60 20200817 100000 72.9900000 73.0575000 72.7675000 72.9425000 160478000
USD000000TOD 60 20200817 110000 72.9300000 73.2800000 72.9275000 73.2550000 140621000
USD000000TOD 60 20200817 120000 73.2550000 73.3925000 73.1875000 73.3775000 89271000
USD000000TOD 60 20200817 130000 73.3650000 73.6425000 73.3600000 73.6200000 95927000
USD000000TOD 60 20200817 140000 73.6300000 73.7975000 73.5450000 73.5625000 111186000
USD000000TOD 60 20200817 150000 73.5625000 73.6600000 73.4950000 73.6225000 47726000
USD000000TOD 60 20200817 160000 73.6300000 73.6300000 73.2500000 73.3975000 53839000
USD000000TOD 60 20200817 170000 73.3775000 73.6225000 73.3200000 73.6225000 17512000
USD000000TOD 60 20200818 100000 73.5600000 73.7000000 73.3400000 73.3850000 145238000
USD000000TOD 60 20200818 110000 73.3950000 73.4075000 73.0725000 73.1600000 105093000
USD000000TOD 60 20200818 120000 73.1500000 73.1950000 73.0525000 73.1475000 74374000
USD000000TOD 60 20200818 130000 73.1500000 73.1525000 72.9400000 72.9675000 92529000
USD000000TOD 60 20200818 140000 72.9675000 73.2550000 72.9325000 73.2150000 76679000
USD000000TOD 60 20200818 150000 73.2150000 73.2225000 72.9425000 73.1375000 43576000
USD000000TOD 60 20200818 160000 73.1300000 73.2250000 72.9750000 73.0600000 48545000
USD000000TOD 60 20200818 170000 73.0550000 73.2975000 73.0450000 73.2125000 21025000
USD000000TOD 60 20200819 100000 73.1600000 73.3450000 73.0925000 73.1875000 138496000
USD000000TOD 60 20200819 110000 73.1850000 73.3400000 73.1700000 73.3100000 63298000
USD000000TOD 60 20200819 120000 73.2975000 73.3625000 73.2175000 73.3625000 54210000
USD000000TOD 60 20200819 130000 73.3500000 73.5875000 73.3475000 73.3925000 90518000
USD000000TOD 60 20200819 140000 73.3875000 73.5200000 73.3675000 73.3925000 37457000
USD000000TOD 60 20200819 150000 73.3925000 73.4650000 73.3400000 73.3550000 25022000
USD000000TOD 60 20200819 160000 73.3675000 73.4050000 73.1350000 73.2100000 46955000
USD000000TOD 60 20200819 170000 73.1975000 73.2150000 73.0375000 73.1500000 51528000
USD000000TOD 60 20200820 100000 73.3900000 73.9500000 73.3150000 73.8000000 255655000
USD000000TOD 60 20200820 110000 73.7850000 74.0450000 73.7800000 73.9075000 179643000
USD000000TOD 60 20200820 120000 73.9000000 74.0175000 73.8275000 73.9100000 129105000
USD000000TOD 60 20200820 130000 73.9100000 73.9750000 73.6950000 73.7625000 67417000
USD000000TOD 60 20200820 140000 73.7675000 73.9000000 73.7675000 73.8800000 63417000
USD000000TOD 60 20200820 150000 73.8750000 73.9800000 73.7925000 73.8925000 65560000
USD000000TOD 60 20200820 160000 73.8925000 73.9875000 73.8550000 73.9225000 33874000
USD000000TOD 60 20200820 170000 73.9250000 74.0500000 73.9075000 74.0450000 48401000
USD000000TOD 60 20200821 100000 73.7900000 74.1675000 73.6425000 74.0550000 190076000
USD000000TOD 60 20200821 110000 74.0675000 74.3825000 74.0675000 74.2375000 155396000
USD000000TOD 60 20200821 120000 74.2375000 74.3100000 74.2000000 74.2700000 87957000
USD000000TOD 60 20200821 130000 74.2800000 74.5100000 74.2800000 74.4275000 135620000
USD000000TOD 60 20200821 140000 74.4425000 74.6075000 74.4000000 74.5800000 109634000
USD000000TOD 60 20200821 150000 74.5800000 74.7175000 74.4750000 74.7025000 66756000
USD000000TOD 60 20200821 160000 74.6975000 74.9900000 74.6925000 74.9175000 108898000
USD000000TOD 60 20200821 170000 74.9175000 74.9375000 74.6575000 74.7550000 23392000
USD000000TOD 60 20200824 100000 74.5250000 74.5800000 74.2650000 74.3650000 169015000
USD000000TOD 60 20200824 110000 74.3500000 74.5400000 74.2600000 74.2950000 136162000
USD000000TOD 60 20200824 120000 74.2900000 74.3100000 74.1575000 74.2300000 129597000
USD000000TOD 60 20200824 130000 74.2175000 74.3000000 74.1550000 74.2600000 47976000
USD000000TOD 60 20200824 140000 74.2700000 74.3275000 74.2025000 74.3200000 49648000
USD000000TOD 60 20200824 150000 74.3250000 74.3375000 74.1950000 74.2475000 65399000
USD000000TOD 60 20200824 160000 74.2475000 74.4850000 74.2175000 74.4625000 30326000
USD000000TOD 60 20200824 170000 74.4525000 74.5275000 74.4125000 74.4700000 19905000
USD000000TOD 60 20200825 100000 74.4625000 74.5975000 74.3150000 74.4875000 130268000
USD000000TOD 60 20200825 110000 74.5000000 74.8500000 74.4950000 74.7775000 109255000
USD000000TOD 60 20200825 120000 74.7825000 74.8000000 74.6925000 74.7500000 64017000
USD000000TOD 60 20200825 130000 74.7525000 74.8000000 74.5800000 74.7525000 49864000
USD000000TOD 60 20200825 140000 74.7375000 74.8100000 74.7050000 74.7950000 81066000
USD000000TOD 60 20200825 150000 74.7900000 74.8650000 74.7600000 74.8075000 48629000
USD000000TOD 60 20200825 160000 74.7975000 75.0600000 74.6700000 74.9950000 68845000
USD000000TOD 60 20200825 170000 75.0025000 75.1525000 74.9725000 75.0475000 49429000
USD000000TOD 60 20200826 100000 75.4125000 75.6000000 75.3400000 75.5625000 170170000
USD000000TOD 60 20200826 110000 75.5600000 75.7300000 75.4700000 75.5400000 119563000
USD000000TOD 60 20200826 120000 75.5375000 75.8600000 75.4700000 75.8025000 119646000
USD000000TOD 60 20200826 130000 75.8100000 75.9525000 75.7650000 75.7825000 86787000
USD000000TOD 60 20200826 140000 75.7825000 75.7975000 75.6875000 75.7225000 72860000
USD000000TOD 60 20200826 150000 75.7200000 75.8600000 75.7100000 75.8375000 43470000
USD000000TOD 60 20200826 160000 75.8400000 75.9950000 75.8025000 75.8325000 50133000
USD000000TOD 60 20200826 170000 75.8350000 75.8625000 75.5200000 75.5625000 40546000
USD000000TOD 60 20200827 100000 75.5200000 75.5325000 75.0925000 75.0950000 221180000
USD000000TOD 60 20200827 110000 75.0950000 75.2150000 74.9625000 75.0175000 141038000
USD000000TOD 60 20200827 120000 75.0000000 75.1350000 74.9300000 75.0925000 92203000
USD000000TOD 60 20200827 130000 75.0950000 75.3875000 75.0800000 75.3525000 66805000
USD000000TOD 60 20200827 140000 75.3650000 75.4450000 75.0675000 75.1175000 107850000
USD000000TOD 60 20200827 150000 75.1275000 75.1500000 74.8575000 74.9875000 97691000
USD000000TOD 60 20200827 160000 74.9825000 75.1775000 74.7200000 74.9250000 185869000
USD000000TOD 60 20200827 170000 74.9575000 75.1950000 74.9425000 75.1400000 21698000
USD000000TOD 60 20200828 100000 74.5525000 74.7700000 74.4375000 74.7075000 238411000
USD000000TOD 60 20200828 110000 74.6975000 74.7200000 74.3550000 74.3850000 201521000
USD000000TOD 60 20200828 120000 74.3850000 74.4725000 74.2425000 74.4350000 142315000
USD000000TOD 60 20200828 130000 74.4350000 74.5500000 74.2300000 74.2375000 69684000
USD000000TOD 60 20200828 140000 74.2425000 74.3875000 74.2150000 74.3400000 65553000
USD000000TOD 60 20200828 150000 74.3275000 74.4900000 74.3025000 74.4625000 53582000
USD000000TOD 60 20200828 160000 74.4525000 74.4650000 74.3275000 74.3400000 28247000
USD000000TOD 60 20200828 170000 74.3525000 74.4250000 74.2800000 74.3000000 10823000
USD000000TOD 60 20200831 100000 74.1000000 74.2500000 73.6000000 73.7125000 246030000
USD000000TOD 60 20200831 110000 73.7175000 73.8700000 73.6525000 73.8000000 125430000
USD000000TOD 60 20200831 120000 73.8000000 73.8975000 73.7300000 73.7700000 79430000
USD000000TOD 60 20200831 130000 73.7650000 73.8650000 73.7475000 73.8450000 37274000
USD000000TOD 60 20200831 140000 73.8500000 73.9975000 73.7925000 73.9150000 64088000
USD000000TOD 60 20200831 150000 73.9400000 74.0575000 73.9225000 74.0350000 50826000
USD000000TOD 60 20200831 160000 74.0400000 74.2425000 73.9475000 74.2425000 54037000
USD000000TOD 60 20200831 170000 74.2425000 74.2975000 74.1225000 74.1850000 21833000
USD000000TOD 60 20200901 100000 73.6775000 73.8100000 73.4925000 73.5000000 240438000
USD000000TOD 60 20200901 110000 73.4900000 73.6425000 73.4350000 73.5925000 108497000
USD000000TOD 60 20200901 120000 73.6050000 73.7400000 73.5300000 73.7350000 78880000
USD000000TOD 60 20200901 130000 73.7325000 73.7550000 73.5000000 73.5300000 66390000
USD000000TOD 60 20200901 140000 73.5175000 73.6000000 73.4675000 73.5800000 72065000
USD000000TOD 60 20200901 150000 73.5825000 73.5875000 73.4925000 73.5075000 45481000
USD000000TOD 60 20200901 160000 73.4975000 73.6225000 73.4800000 73.5350000 93651000
USD000000TOD 60 20200901 170000 73.5450000 73.6075000 73.3850000 73.4150000 49126000
USD000000TOD 60 20200902 100000 73.7400000 73.9700000 73.6225000 73.9100000 131005000
USD000000TOD 60 20200902 110000 73.9100000 74.1600000 73.8775000 74.0975000 116256000
USD000000TOD 60 20200902 120000 74.1000000 74.1650000 73.9625000 73.9625000 112274000
USD000000TOD 60 20200902 130000 73.9625000 74.1400000 73.9000000 74.0900000 66407000
USD000000TOD 60 20200902 140000 74.0900000 74.2275000 74.0625000 74.1750000 33297000
USD000000TOD 60 20200902 150000 74.1650000 74.3700000 74.1025000 74.3625000 48565000
USD000000TOD 60 20200902 160000 74.3700000 75.4800000 74.3400000 75.2200000 166672000
USD000000TOD 60 20200902 170000 75.2400000 75.4400000 75.0100000 75.4200000 71849000
USD000000TOD 60 20200903 100000 75.4250000 75.8400000 75.2150000 75.2300000 294571000
USD000000TOD 60 20200903 110000 75.2000000 75.3800000 75.1625000 75.2925000 89166000
USD000000TOD 60 20200903 120000 75.2950000 75.4850000 75.2425000 75.3725000 60356000
USD000000TOD 60 20200903 130000 75.3600000 75.4625000 75.3475000 75.4625000 42886000
USD000000TOD 60 20200903 140000 75.4550000 75.5125000 75.3200000 75.3350000 96390000
USD000000TOD 60 20200903 150000 75.3200000 75.3675000 74.9700000 75.0125000 77506000
USD000000TOD 60 20200903 160000 75.0125000 75.1075000 74.9275000 74.9950000 65214000
USD000000TOD 60 20200903 170000 74.9900000 75.1775000 74.8675000 75.1700000 24264000
USD000000TOD 60 20200904 100000 75.2025000 75.5300000 75.0000000 75.1075000 193753000
USD000000TOD 60 20200904 110000 75.1125000 75.1325000 74.9175000 75.0250000 115788000
USD000000TOD 60 20200904 120000 75.0125000 75.1600000 74.9700000 74.9825000 89550000
USD000000TOD 60 20200904 130000 74.9725000 75.0500000 74.9025000 75.0100000 59665000
USD000000TOD 60 20200904 140000 75.0125000 75.1500000 74.9825000 75.1125000 67435000
USD000000TOD 60 20200904 150000 75.1100000 75.2500000 74.9625000 75.2250000 60873000
USD000000TOD 60 20200904 160000 75.2150000 75.3400000 75.1600000 75.3400000 48282000
USD000000TOD 60 20200904 170000 75.3300000 75.4750000 75.2475000 75.4650000 21477000
USD000000TOD 60 20200908 100000 75.8100000 76.1050000 75.7100000 75.9250000 288503000
USD000000TOD 60 20200908 110000 75.9350000 76.1600000 75.9175000 76.1175000 137709000
USD000000TOD 60 20200908 120000 76.1075000 76.3775000 76.0575000 76.3250000 128870000
USD000000TOD 60 20200908 130000 76.3400000 76.4675000 76.2575000 76.3000000 108579000
USD000000TOD 60 20200908 140000 76.2950000 76.4900000 76.2325000 76.4125000 112030000
USD000000TOD 60 20200908 150000 76.4200000 76.4325000 76.2625000 76.3025000 48942000
USD000000TOD 60 20200908 160000 76.3175000 76.5800000 76.2950000 76.4300000 78094000
USD000000TOD 60 20200908 170000 76.4150000 76.5400000 76.1950000 76.3450000 34435000
USD000000TOD 60 20200909 100000 76.3700000 76.5225000 75.8725000 75.8975000 271791000
USD000000TOD 60 20200909 110000 75.8975000 76.1000000 75.8225000 76.0675000 141147000
USD000000TOD 60 20200909 120000 76.0675000 76.1250000 75.8625000 75.9025000 77634000
USD000000TOD 60 20200909 130000 75.9100000 75.9475000 75.8125000 75.8400000 40535000
USD000000TOD 60 20200909 140000 75.8600000 75.9700000 75.8475000 75.9325000 34354000
USD000000TOD 60 20200909 150000 75.9200000 75.9625000 75.6200000 75.7150000 78019000
USD000000TOD 60 20200909 160000 75.7200000 75.7600000 75.4825000 75.5725000 60463000
USD000000TOD 60 20200909 170000 75.5650000 75.6125000 75.4150000 75.4400000 28158000
USD000000TOD 60 20200910 100000 75.3000000 75.6425000 75.2300000 75.6350000 167007000
USD000000TOD 60 20200910 110000 75.6500000 75.6725000 75.4525000 75.5350000 109201000
USD000000TOD 60 20200910 120000 75.5425000 75.5700000 75.3525000 75.3600000 69588000
USD000000TOD 60 20200910 130000 75.3625000 75.3650000 75.1575000 75.1825000 120264000
USD000000TOD 60 20200910 140000 75.1925000 75.1975000 75.0475000 75.0700000 127366000
USD000000TOD 60 20200910 150000 75.0700000 75.1125000 74.9025000 74.9375000 104999000
USD000000TOD 60 20200910 160000 74.9350000 74.9475000 74.6800000 74.7600000 89768000
USD000000TOD 60 20200910 170000 74.7675000 74.9675000 74.6625000 74.9525000 30493000
USD000000TOD 60 20200911 100000 75.1900000 75.1900000 74.7200000 74.8925000 208386000
USD000000TOD 60 20200911 110000 74.8800000 74.8900000 74.7400000 74.8625000 102584000
USD000000TOD 60 20200911 120000 74.8625000 74.9300000 74.7850000 74.9150000 88105000
USD000000TOD 60 20200911 130000 74.9150000 74.9450000 74.7625000 74.8000000 68113000
USD000000TOD 60 20200911 140000 74.7925000 74.9200000 74.7725000 74.9150000 80513000
USD000000TOD 60 20200911 150000 74.9200000 75.0325000 74.8300000 74.9875000 167064000
USD000000TOD 60 20200911 160000 74.9950000 75.0000000 74.7675000 74.8625000 34237000
USD000000TOD 60 20200911 170000 74.8525000 74.9700000 74.8050000 74.9500000 16707000
USD000000TOD 60 20200914 100000 74.8500000 75.0000000 74.5625000 74.7625000 171133000
USD000000TOD 60 20200914 110000 74.7700000 74.8900000 74.6900000 74.8775000 77388000
USD000000TOD 60 20200914 120000 74.8725000 75.3475000 74.8625000 75.2425000 99601000
USD000000TOD 60 20200914 130000 75.2550000 75.2775000 75.1675000 75.2400000 45934000
USD000000TOD 60 20200914 140000 75.2425000 75.4600000 75.2275000 75.4000000 52496000
USD000000TOD 60 20200914 150000 75.4000000 75.5275000 75.3300000 75.3575000 49197000
USD000000TOD 60 20200914 160000 75.3700000 75.4675000 75.2100000 75.2600000 30757000
USD000000TOD 60 20200914 170000 75.2525000 75.2750000 75.0975000 75.2200000 17971000
USD000000TOD 60 20200915 100000 74.9500000 75.3725000 74.9000000 75.3175000 258266000
USD000000TOD 60 20200915 110000 75.3250000 75.3275000 75.1375000 75.2100000 128480000
USD000000TOD 60 20200915 120000 75.2000000 75.2250000 75.0550000 75.1400000 112930000
USD000000TOD 60 20200915 130000 75.1400000 75.1850000 75.0000000 75.0175000 98491000
USD000000TOD 60 20200915 140000 75.0200000 75.0850000 74.9825000 75.0300000 89253000
USD000000TOD 60 20200915 150000 75.0300000 75.0300000 74.8825000 75.0025000 65711000
USD000000TOD 60 20200915 160000 74.9900000 75.1625000 74.9450000 75.1300000 44664000
USD000000TOD 60 20200915 170000 75.1250000 75.1450000 75.0450000 75.1325000 20104000
USD000000TOD 60 20200916 100000 74.9875000 75.1000000 74.8200000 74.9800000 165063000
USD000000TOD 60 20200916 110000 74.9800000 75.0000000 74.7650000 74.9000000 125145000
USD000000TOD 60 20200916 120000 74.8875000 74.9075000 74.5125000 74.7250000 133640000
USD000000TOD 60 20200916 130000 74.7300000 74.8325000 74.6850000 74.7300000 55929000
USD000000TOD 60 20200916 140000 74.7250000 74.8525000 74.7250000 74.8150000 44623000
USD000000TOD 60 20200916 150000 74.8125000 74.9800000 74.7600000 74.9750000 28432000
USD000000TOD 60 20200916 160000 74.9850000 75.0175000 74.9075000 74.9525000 32868000
USD000000TOD 60 20200916 170000 74.9400000 75.0575000 74.8850000 74.9975000 20289000
USD000000TOD 60 20200917 100000 75.2300000 75.2375000 75.0500000 75.1850000 118700000
USD000000TOD 60 20200917 110000 75.1775000 75.2900000 75.1650000 75.2050000 114896000
USD000000TOD 60 20200917 120000 75.1975000 75.2375000 75.0250000 75.0400000 73132000
USD000000TOD 60 20200917 130000 75.0300000 75.1000000 74.9175000 75.0450000 81418000
USD000000TOD 60 20200917 140000 75.0450000 75.1300000 75.0300000 75.0950000 97346000
USD000000TOD 60 20200917 150000 75.0825000 75.2775000 75.0775000 75.2775000 85478000
USD000000TOD 60 20200917 160000 75.2700000 75.4425000 75.2475000 75.2975000 67403000
USD000000TOD 60 20200917 170000 75.2750000 75.3225000 75.1850000 75.1900000 34600000
USD000000TOD 60 20200918 100000 75.0000000 75.0925000 74.9425000 75.0250000 210246000
USD000000TOD 60 20200918 110000 75.0250000 75.0450000 74.9150000 75.0425000 106143000
USD000000TOD 60 20200918 120000 75.0450000 75.0850000 75.0000000 75.0650000 85623000
USD000000TOD 60 20200918 130000 75.0550000 75.0850000 74.9850000 75.0650000 60526000
USD000000TOD 60 20200918 140000 75.0650000 75.2475000 75.0000000 75.2100000 66634000
USD000000TOD 60 20200918 150000 75.2175000 75.5000000 75.2075000 75.3075000 150158000
USD000000TOD 60 20200918 160000 75.3100000 75.6800000 75.2500000 75.5450000 68619000
USD000000TOD 60 20200918 170000 75.5675000 75.5750000 75.4350000 75.4825000 31537000
USD000000TOD 60 20200921 100000 75.5000000 76.1425000 75.5000000 76.0600000 215543000
USD000000TOD 60 20200921 110000 76.0800000 76.5475000 76.0725000 76.3500000 272088000
USD000000TOD 60 20200921 120000 76.3500000 76.3975000 76.1975000 76.3175000 90843000
USD000000TOD 60 20200921 130000 76.3175000 76.3975000 76.1750000 76.1750000 54848000
USD000000TOD 60 20200921 140000 76.1750000 76.2575000 76.1225000 76.1950000 56358000
USD000000TOD 60 20200921 150000 76.2075000 76.4650000 76.1900000 76.2300000 54234000
USD000000TOD 60 20200921 160000 76.2300000 76.4300000 76.1500000 76.3150000 63597000
USD000000TOD 60 20200921 170000 76.3175000 76.4900000 76.2625000 76.4100000 16632000
USD000000TOD 60 20200922 100000 76.3800000 76.4700000 76.2100000 76.2850000 187793000
USD000000TOD 60 20200922 110000 76.2775000 76.2825000 76.1300000 76.2250000 292143000
USD000000TOD 60 20200922 120000 76.2250000 76.2375000 75.8350000 76.0050000 185057000
USD000000TOD 60 20200922 130000 76.0175000 76.0375000 75.8425000 75.8700000 97987000
USD000000TOD 60 20200922 140000 75.8725000 75.9400000 75.7200000 75.9175000 58973000
USD000000TOD 60 20200922 150000 75.9275000 76.0075000 75.7825000 75.8225000 55270000
USD000000TOD 60 20200922 160000 75.8300000 75.9975000 75.7150000 75.9425000 56087000
USD000000TOD 60 20200922 170000 75.9425000 76.2000000 75.8775000 76.2000000 26965000
USD000000TOD 60 20200923 100000 76.2400000 76.4250000 76.1725000 76.3100000 175140000
USD000000TOD 60 20200923 110000 76.3100000 76.4000000 76.1750000 76.1850000 84278000
USD000000TOD 60 20200923 120000 76.1900000 76.3925000 76.1600000 76.3325000 139084000
USD000000TOD 60 20200923 130000 76.3400000 76.5375000 76.3300000 76.5175000 88129000
USD000000TOD 60 20200923 140000 76.5100000 76.8675000 76.5075000 76.7975000 95877000
USD000000TOD 60 20200923 150000 76.8000000 76.9600000 76.7350000 76.8700000 100830000
USD000000TOD 60 20200923 160000 76.8700000 76.9425000 76.6725000 76.8425000 66605000
USD000000TOD 60 20200923 170000 76.8300000 77.1000000 76.8125000 76.8125000 36646000
USD000000TOD 60 20200924 100000 77.2200000 77.2200000 76.9100000 77.1200000 248360000
USD000000TOD 60 20200924 110000 77.1300000 77.4450000 77.1075000 77.2950000 184126000
USD000000TOD 60 20200924 120000 77.2825000 77.3750000 77.1775000 77.2325000 110928000
USD000000TOD 60 20200924 130000 77.2300000 77.2575000 76.9875000 77.0550000 97627000
USD000000TOD 60 20200924 140000 77.0375000 77.2800000 76.9000000 77.2400000 79607000
USD000000TOD 60 20200924 150000 77.2350000 77.4050000 77.1250000 77.3800000 81801000
USD000000TOD 60 20200924 160000 77.3850000 77.4875000 77.2200000 77.2700000 123876000
USD000000TOD 60 20200924 170000 77.2650000 77.4000000 77.0750000 77.3600000 29827000
USD000000TOD 60 20200925 100000 76.6625000 77.2300000 76.6250000 76.7875000 302901000
USD000000TOD 60 20200925 110000 76.7850000 77.0725000 76.7500000 76.9925000 153454000
USD000000TOD 60 20200925 120000 76.9925000 77.3975000 76.9625000 77.3125000 205330000
USD000000TOD 60 20200925 130000 77.3025000 77.7750000 77.2800000 77.7325000 259293000
USD000000TOD 60 20200925 140000 77.7275000 77.8525000 77.4800000 77.5175000 223254000
USD000000TOD 60 20200925 150000 77.5325000 77.8375000 77.5100000 77.7475000 73483000
USD000000TOD 60 20200925 160000 77.7650000 78.2400000 77.6825000 78.1850000 72991000
USD000000TOD 60 20200925 170000 78.1675000 78.4800000 78.1450000 78.3450000 34970000
USD000000TOD 60 20200928 100000 78.0800000 78.9900000 78.0000000 78.5950000 289357000
USD000000TOD 60 20200928 110000 78.6050000 78.7850000 78.5550000 78.7225000 172999000
USD000000TOD 60 20200928 120000 78.7225000 78.9375000 78.6375000 78.8800000 126555000
USD000000TOD 60 20200928 130000 78.8825000 78.9225000 78.6600000 78.7675000 76235000
USD000000TOD 60 20200928 140000 78.7750000 78.8625000 78.5800000 78.6700000 98824000
USD000000TOD 60 20200928 150000 78.6675000 78.7600000 78.5150000 78.7100000 76998000
USD000000TOD 60 20200928 160000 78.7100000 78.9700000 78.6900000 78.9450000 71279000
USD000000TOD 60 20200928 170000 78.9300000 79.1900000 78.9000000 79.0750000 51902000
USD000000TOD 60 20200929 100000 79.2000000 79.8625000 79.1325000 79.5950000 331819000
USD000000TOD 60 20200929 110000 79.6075000 79.9650000 79.5975000 79.8025000 163037000
USD000000TOD 60 20200929 120000 79.7925000 79.8025000 79.3675000 79.4100000 131679000
USD000000TOD 60 20200929 130000 79.4000000 79.4475000 78.7400000 78.9100000 169464000
USD000000TOD 60 20200929 140000 78.9175000 79.1225000 78.5250000 78.8100000 52773000
USD000000TOD 60 20200929 150000 78.8700000 78.9050000 78.6150000 78.7725000 28891000
USD000000TOD 60 20200929 160000 78.7450000 78.9750000 78.4575000 78.7900000 47962000
USD000000TOD 60 20200929 170000 78.7975000 79.3600000 78.7725000 79.1925000 61584000
USD000000TOD 60 20200930 100000 79.3225000 79.3825000 78.5700000 78.7625000 212712000
USD000000TOD 60 20200930 110000 78.7775000 78.7875000 78.3750000 78.4875000 198097000
USD000000TOD 60 20200930 120000 78.4775000 78.5150000 78.2250000 78.2700000 103252000
USD000000TOD 60 20200930 130000 78.2600000 78.5075000 78.1600000 78.3650000 83955000
USD000000TOD 60 20200930 140000 78.3500000 78.5000000 78.2125000 78.4300000 50536000
USD000000TOD 60 20200930 150000 78.4300000 78.4625000 78.0500000 78.1100000 61287000
USD000000TOD 60 20200930 160000 78.1025000 78.1900000 77.7475000 77.7650000 67122000
USD000000TOD 60 20200930 170000 77.7825000 77.8775000 77.6625000 77.8000000 30072000
USD000000TOD 60 20201001 100000 77.3000000 77.8000000 77.0825000 77.3500000 155994000
USD000000TOD 60 20201001 110000 77.3450000 77.4600000 77.1775000 77.3950000 102660000
USD000000TOD 60 20201001 120000 77.3800000 77.4350000 77.2900000 77.3350000 49019000
USD000000TOD 60 20201001 130000 77.3250000 77.3550000 77.1275000 77.2225000 76734000
USD000000TOD 60 20201001 140000 77.2275000 77.2575000 77.0100000 77.0975000 98869000
USD000000TOD 60 20201001 150000 77.0900000 77.2350000 77.0325000 77.2100000 58653000
USD000000TOD 60 20201001 160000 77.2100000 77.4900000 77.1775000 77.3100000 48491000
USD000000TOD 60 20201001 170000 77.3500000 77.6175000 77.3225000 77.4325000 24830000
USD000000TOD 60 20201002 100000 77.8000000 78.3375000 77.6850000 78.1800000 243359000
USD000000TOD 60 20201002 110000 78.1950000 78.4925000 78.1500000 78.4500000 95467000
USD000000TOD 60 20201002 120000 78.4700000 78.5275000 78.3225000 78.5150000 107395000
USD000000TOD 60 20201002 130000 78.5050000 78.6800000 78.4000000 78.4100000 75330000
USD000000TOD 60 20201002 140000 78.4100000 78.5950000 78.3700000 78.5600000 123235000
USD000000TOD 60 20201002 150000 78.5800000 78.6500000 78.3750000 78.6025000 177266000
USD000000TOD 60 20201002 160000 78.5825000 78.7950000 78.2050000 78.3700000 71061000
USD000000TOD 60 20201002 170000 78.3775000 78.4775000 78.2275000 78.4500000 19142000
USD000000TOD 60 20201005 100000 78.0000000 78.2500000 77.8175000 78.2500000 206590000
USD000000TOD 60 20201005 110000 78.2625000 78.4925000 78.1400000 78.3300000 134917000
USD000000TOD 60 20201005 120000 78.3300000 78.4450000 78.2850000 78.3050000 171242000
USD000000TOD 60 20201005 130000 78.3175000 78.6400000 78.2900000 78.5725000 66411000
USD000000TOD 60 20201005 140000 78.5725000 78.8750000 78.4950000 78.7000000 74430000
USD000000TOD 60 20201005 150000 78.6925000 78.8575000 78.6000000 78.7825000 26211000
USD000000TOD 60 20201005 160000 78.7975000 78.7975000 78.3850000 78.3850000 37150000
USD000000TOD 60 20201005 170000 78.3775000 78.3775000 78.2300000 78.2900000 21230000
USD000000TOD 60 20201006 100000 78.1900000 78.6475000 78.1650000 78.5300000 169460000
USD000000TOD 60 20201006 110000 78.5425000 78.6650000 78.4800000 78.5050000 86424000
USD000000TOD 60 20201006 120000 78.5050000 78.5275000 78.3450000 78.4075000 97339000
USD000000TOD 60 20201006 130000 78.4075000 78.4700000 78.1800000 78.2175000 65037000
USD000000TOD 60 20201006 140000 78.2250000 78.2450000 77.8725000 77.8800000 81682000
USD000000TOD 60 20201006 150000 77.8725000 77.9450000 77.6100000 77.8000000 61921000
USD000000TOD 60 20201006 160000 77.8125000 77.9800000 77.7525000 77.8850000 43611000
USD000000TOD 60 20201006 170000 77.8775000 78.0725000 77.8125000 78.0500000 30006000
USD000000TOD 60 20201007 100000 78.1850000 78.3600000 77.9400000 78.0525000 137714000
USD000000TOD 60 20201007 110000 78.0600000 78.2125000 78.0600000 78.1375000 77245000
USD000000TOD 60 20201007 120000 78.1225000 78.3850000 78.1150000 78.3175000 70452000
USD000000TOD 60 20201007 130000 78.3375000 78.4750000 78.3075000 78.3450000 65405000
USD000000TOD 60 20201007 140000 78.3600000 78.4600000 78.1250000 78.1300000 61092000
USD000000TOD 60 20201007 150000 78.1300000 78.1650000 77.9650000 77.9975000 89372000
USD000000TOD 60 20201007 160000 77.9875000 78.2675000 77.9400000 78.2375000 39553000
USD000000TOD 60 20201007 170000 78.2325000 78.2925000 78.1100000 78.1875000 16207000
USD000000TOD 60 20201008 100000 77.8025000 78.0500000 77.7500000 77.9425000 198731000
USD000000TOD 60 20201008 110000 77.9275000 78.1000000 77.8875000 78.0050000 91257000
USD000000TOD 60 20201008 120000 78.0150000 78.0500000 77.8550000 77.9325000 64529000
USD000000TOD 60 20201008 130000 77.9350000 77.9500000 77.5350000 77.6200000 143765000
USD000000TOD 60 20201008 140000 77.6350000 77.6500000 77.4500000 77.4825000 156664000
USD000000TOD 60 20201008 150000 77.4900000 77.5000000 77.3100000 77.4750000 107213000
USD000000TOD 60 20201008 160000 77.4725000 77.6800000 77.4500000 77.4700000 63233000
USD000000TOD 60 20201008 170000 77.4500000 77.5900000 77.4175000 77.5650000 38691000
USD000000TOD 60 20201009 100000 77.1000000 77.3275000 76.8025000 76.9775000 220987000
USD000000TOD 60 20201009 110000 76.9800000 77.1400000 76.8875000 77.0725000 135943000
USD000000TOD 60 20201009 120000 77.0825000 77.2900000 77.0125000 77.1675000 124395000
USD000000TOD 60 20201009 130000 77.1575000 77.2500000 77.0775000 77.0925000 89361000
USD000000TOD 60 20201009 140000 77.1000000 77.1975000 76.9625000 77.0500000 95877000
USD000000TOD 60 20201009 150000 77.0625000 77.1225000 76.9025000 76.9025000 57679000
USD000000TOD 60 20201009 160000 76.9000000 77.0375000 76.8225000 76.8800000 55738000
USD000000TOD 60 20201009 170000 76.8750000 76.8825000 76.6825000 76.7075000 45066000
USD000000TOD 60 20201013 100000 77.2050000 77.4250000 77.2000000 77.2875000 223307000
USD000000TOD 60 20201013 110000 77.2900000 77.3175000 77.0575000 77.1600000 147003000
USD000000TOD 60 20201013 120000 77.1525000 77.1975000 76.9925000 77.0500000 68007000
USD000000TOD 60 20201013 130000 77.0575000 77.1375000 76.9825000 76.9850000 56528000
USD000000TOD 60 20201013 140000 77.0000000 77.0800000 76.8550000 76.9675000 68385000
USD000000TOD 60 20201013 150000 76.9675000 77.1400000 76.9250000 77.1275000 53287000
USD000000TOD 60 20201013 160000 77.1275000 77.2925000 77.0850000 77.1675000 37703000
USD000000TOD 60 20201013 170000 77.1975000 77.2750000 77.0875000 77.1975000 20541000
USD000000TOD 60 20201014 100000 77.1500000 77.3950000 77.1075000 77.3050000 141489000
USD000000TOD 60 20201014 110000 77.2975000 77.3100000 77.0875000 77.1650000 89773000
USD000000TOD 60 20201014 120000 77.1675000 77.2575000 77.1275000 77.2100000 81204000
USD000000TOD 60 20201014 130000 77.2250000 77.6200000 77.1950000 77.5275000 128738000
USD000000TOD 60 20201014 140000 77.5225000 77.5600000 77.3900000 77.3900000 49934000
USD000000TOD 60 20201014 150000 77.3950000 77.4400000 77.2450000 77.3125000 42167000
USD000000TOD 60 20201014 160000 77.2875000 77.3950000 77.2700000 77.3725000 26800000
USD000000TOD 60 20201014 170000 77.3775000 77.4600000 77.3100000 77.3975000 13859000
USD000000TOD 60 20201015 100000 77.8500000 78.0800000 77.6525000 77.8575000 148279000
USD000000TOD 60 20201015 110000 77.8750000 78.1725000 77.8625000 78.0875000 219605000
USD000000TOD 60 20201015 120000 78.0900000 78.1400000 77.9725000 78.0150000 92723000
USD000000TOD 60 20201015 130000 78.0150000 78.1075000 77.8425000 77.9250000 55886000
USD000000TOD 60 20201015 140000 77.9200000 78.1600000 77.8800000 78.0900000 104660000
USD000000TOD 60 20201015 150000 78.0975000 78.2200000 78.0600000 78.1950000 102570000
USD000000TOD 60 20201015 160000 78.1975000 78.2925000 78.1050000 78.1350000 92483000
USD000000TOD 60 20201015 170000 78.1550000 78.2750000 78.1325000 78.2750000 13434000
USD000000TOD 60 20201016 100000 78.1475000 78.3150000 77.8350000 77.8800000 178662000
USD000000TOD 60 20201016 110000 77.8875000 77.9725000 77.8550000 77.9025000 78130000
USD000000TOD 60 20201016 120000 77.9100000 78.2300000 77.9000000 78.1575000 81335000
USD000000TOD 60 20201016 130000 78.1850000 78.3425000 78.0075000 78.0675000 105336000
USD000000TOD 60 20201016 140000 78.0850000 78.1675000 77.9575000 77.9850000 43295000
USD000000TOD 60 20201016 150000 77.9600000 78.0350000 77.8775000 77.9725000 84309000
USD000000TOD 60 20201016 160000 77.9725000 78.2000000 77.9500000 78.0200000 34237000
USD000000TOD 60 20201016 170000 78.0225000 78.0425000 77.8800000 77.9400000 11475000
USD000000TOD 60 20201019 100000 78.0050000 78.0675000 77.7500000 77.9875000 161796000
USD000000TOD 60 20201019 110000 77.9950000 78.0675000 77.8125000 77.8875000 131553000
USD000000TOD 60 20201019 120000 77.8850000 77.8850000 77.6550000 77.7150000 77375000
USD000000TOD 60 20201019 130000 77.7100000 77.7200000 77.5800000 77.6050000 142474000
USD000000TOD 60 20201019 140000 77.6050000 77.6900000 77.5300000 77.5600000 72910000
USD000000TOD 60 20201019 150000 77.5600000 77.7775000 77.5500000 77.7250000 35473000
USD000000TOD 60 20201019 160000 77.7100000 77.7900000 77.5725000 77.6200000 31109000
USD000000TOD 60 20201019 170000 77.6250000 77.7450000 77.5000000 77.5250000 21399000
USD000000TOD 60 20201020 100000 77.7050000 77.9075000 77.6575000 77.7650000 168691000
USD000000TOD 60 20201020 110000 77.7900000 77.8550000 77.6925000 77.8450000 99469000
USD000000TOD 60 20201020 120000 77.8500000 77.9600000 77.7850000 77.9250000 79874000
USD000000TOD 60 20201020 130000 77.9100000 77.9425000 77.7575000 77.8275000 63983000
USD000000TOD 60 20201020 140000 77.8250000 77.9650000 77.7600000 77.8725000 67583000
USD000000TOD 60 20201020 150000 77.8600000 78.0650000 77.8400000 77.9350000 59960000
USD000000TOD 60 20201020 160000 77.9200000 77.9500000 77.7100000 77.7275000 48248000
USD000000TOD 60 20201020 170000 77.7100000 77.7300000 77.4825000 77.4925000 41526000
USD000000TOD 60 20201021 100000 77.2575000 77.2775000 76.8525000 76.8800000 274864000
USD000000TOD 60 20201021 110000 76.8800000 77.1825000 76.8625000 77.1225000 169687000
USD000000TOD 60 20201021 120000 77.1225000 77.1500000 77.0125000 77.1025000 85104000
USD000000TOD 60 20201021 130000 77.0925000 77.1225000 77.0275000 77.0775000 51490000
USD000000TOD 60 20201021 140000 77.0700000 77.3050000 77.0625000 77.2575000 94480000
USD000000TOD 60 20201021 150000 77.2550000 77.2675000 76.9675000 77.0050000 80260000
USD000000TOD 60 20201021 160000 77.0050000 77.1075000 76.7450000 76.8050000 89321000
USD000000TOD 60 20201021 170000 76.7925000 76.8225000 76.5800000 76.5850000 62963000
USD000000TOD 60 20201022 100000 76.7500000 77.2325000 76.7500000 76.9775000 253975000
USD000000TOD 60 20201022 110000 76.9825000 77.1525000 76.9600000 77.0900000 159704000
USD000000TOD 60 20201022 120000 77.0800000 77.0975000 76.9200000 76.9550000 80059000
USD000000TOD 60 20201022 130000 76.9425000 77.0375000 76.8325000 76.8575000 59362000
USD000000TOD 60 20201022 140000 76.8625000 76.9450000 76.7725000 76.8400000 71124000
USD000000TOD 60 20201022 150000 76.8475000 76.8925000 76.6950000 76.7750000 86305000
USD000000TOD 60 20201022 160000 76.7700000 76.7900000 76.4250000 76.4975000 94969000
USD000000TOD 60 20201022 170000 76.5075000 76.7550000 76.4950000 76.6450000 30784000
USD000000TOD 60 20201023 100000 76.7600000 76.9375000 76.3725000 76.3925000 226098000
USD000000TOD 60 20201023 110000 76.3875000 76.4375000 76.0950000 76.2550000 206206000
USD000000TOD 60 20201023 120000 76.2650000 76.3900000 76.1925000 76.3500000 135543000
USD000000TOD 60 20201023 130000 76.3475000 76.3925000 76.2600000 76.3275000 76791000
USD000000TOD 60 20201023 140000 76.3400000 76.5000000 76.3225000 76.4625000 97802000
USD000000TOD 60 20201023 150000 76.4650000 76.5575000 76.3900000 76.4725000 43420000
USD000000TOD 60 20201023 160000 76.4700000 76.4825000 76.2825000 76.3425000 46287000
USD000000TOD 60 20201023 170000 76.3500000 76.4275000 76.2100000 76.2300000 19805000
USD000000TOD 60 20201026 100000 76.5525000 76.7000000 76.3300000 76.4475000 141766000
USD000000TOD 60 20201026 110000 76.4550000 76.5200000 76.3700000 76.4000000 135269000
USD000000TOD 60 20201026 120000 76.4075000 76.5125000 76.3800000 76.4925000 77016000
USD000000TOD 60 20201026 130000 76.4925000 76.6100000 76.4575000 76.4675000 104632000
USD000000TOD 60 20201026 140000 76.4600000 76.5175000 76.4350000 76.4700000 59682000
USD000000TOD 60 20201026 150000 76.4700000 76.5200000 76.3550000 76.4475000 67715000
USD000000TOD 60 20201026 160000 76.4625000 76.4775000 76.0350000 76.0525000 76330000
USD000000TOD 60 20201026 170000 76.0575000 76.1725000 76.0050000 76.1175000 32212000
USD000000TOD 60 20201027 100000 76.3500000 76.5475000 76.2350000 76.4275000 158734000
USD000000TOD 60 20201027 110000 76.4375000 76.5675000 76.4275000 76.5175000 125162000
USD000000TOD 60 20201027 120000 76.5075000 76.6075000 76.4475000 76.5800000 134804000
USD000000TOD 60 20201027 130000 76.5775000 76.6025000 76.4625000 76.4900000 63077000
USD000000TOD 60 20201027 140000 76.4900000 76.4975000 76.2800000 76.3900000 77310000
USD000000TOD 60 20201027 150000 76.3800000 76.5375000 76.3675000 76.5300000 32920000
USD000000TOD 60 20201027 160000 76.5375000 76.9225000 76.4800000 76.8000000 94037000
USD000000TOD 60 20201027 170000 76.8125000 77.1775000 76.7875000 77.1200000 36733000
USD000000TOD 60 20201028 100000 77.4675000 77.5650000 77.2975000 77.5225000 251080000
USD000000TOD 60 20201028 110000 77.5275000 77.8925000 77.4850000 77.7375000 207958000
USD000000TOD 60 20201028 120000 77.7400000 78.1525000 77.7350000 78.1325000 103919000
USD000000TOD 60 20201028 130000 78.1475000 78.4900000 78.0525000 78.4750000 89278000
USD000000TOD 60 20201028 140000 78.4675000 78.5675000 78.2175000 78.3500000 114039000
USD000000TOD 60 20201028 150000 78.3500000 78.9100000 78.3075000 78.7600000 142562000
USD000000TOD 60 20201028 160000 78.7675000 78.8250000 78.4875000 78.6725000 117600000
USD000000TOD 60 20201028 170000 78.6525000 78.9100000 78.6125000 78.6500000 37906000
USD000000TOD 60 20201029 100000 78.9225000 78.9225000 78.5800000 78.8550000 145743000
USD000000TOD 60 20201029 110000 78.8375000 79.5675000 78.7550000 79.4425000 254080000
USD000000TOD 60 20201029 120000 79.4400000 79.6025000 79.2600000 79.3825000 143029000
USD000000TOD 60 20201029 130000 79.3700000 79.5400000 79.2400000 79.2650000 90978000
USD000000TOD 60 20201029 140000 79.2550000 79.5200000 79.2275000 79.5100000 74652000
USD000000TOD 60 20201029 150000 79.5100000 79.6175000 79.3150000 79.3950000 75634000
USD000000TOD 60 20201029 160000 79.4150000 79.5875000 79.2925000 79.3325000 76081000
USD000000TOD 60 20201029 170000 79.3200000 79.3675000 78.6300000 78.6300000 60669000
USD000000TOD 60 20201030 100000 79.0700000 79.5125000 79.0550000 79.3075000 201802000
USD000000TOD 60 20201030 110000 79.3000000 79.3125000 78.9750000 79.0000000 151149000
USD000000TOD 60 20201030 120000 78.9950000 79.1075000 78.7475000 79.1025000 104459000
USD000000TOD 60 20201030 130000 79.1100000 79.3800000 79.0350000 79.1600000 104913000
USD000000TOD 60 20201030 140000 79.1800000 79.2625000 79.0825000 79.1625000 40700000
USD000000TOD 60 20201030 150000 79.1725000 79.2675000 78.9475000 79.0000000 59771000
USD000000TOD 60 20201030 160000 78.9800000 79.2175000 78.8750000 79.1025000 56123000
USD000000TOD 60 20201030 170000 79.1175000 79.3775000 79.0600000 79.2550000 24642000
USD000000TOD 60 20201102 100000 79.5025000 81.1750000 79.5025000 80.6850000 332357000
USD000000TOD 60 20201102 110000 80.6900000 80.9400000 80.3725000 80.3725000 175996000
USD000000TOD 60 20201102 120000 80.3800000 80.4950000 80.2000000 80.3725000 90602000
USD000000TOD 60 20201102 130000 80.3600000 80.5825000 80.3075000 80.4750000 67062000
USD000000TOD 60 20201102 140000 80.4600000 80.5975000 80.4525000 80.5500000 57021000
USD000000TOD 60 20201102 150000 80.5450000 80.5900000 80.4250000 80.5500000 47660000
USD000000TOD 60 20201102 160000 80.5175000 80.5375000 80.3500000 80.3500000 74792000
USD000000TOD 60 20201102 170000 80.3400000 80.5300000 80.3075000 80.4675000 28153000
USD000000TOD 60 20201103 100000 80.2425000 80.3800000 79.8800000 79.8825000 212339000
USD000000TOD 60 20201103 110000 79.8825000 79.9300000 79.6400000 79.7525000 137316000
USD000000TOD 60 20201103 120000 79.7375000 79.8400000 79.5450000 79.6125000 80170000
USD000000TOD 60 20201103 130000 79.5925000 79.7400000 79.5275000 79.6675000 63228000
USD000000TOD 60 20201103 140000 79.6700000 79.6725000 79.2150000 79.2600000 109877000
USD000000TOD 60 20201103 150000 79.2500000 79.4525000 79.1350000 79.4200000 61144000
USD000000TOD 60 20201103 160000 79.4150000 79.5725000 79.2325000 79.5675000 47124000
USD000000TOD 60 20201103 170000 79.5575000 79.6625000 79.3800000 79.4000000 30457000
USD000000TOD 60 20201105 100000 78.3150000 78.8025000 77.8700000 78.5725000 224959000
USD000000TOD 60 20201105 110000 78.5675000 78.6050000 77.8600000 78.0475000 234361000
USD000000TOD 60 20201105 120000 78.0400000 78.1250000 77.6875000 77.7100000 132966000
USD000000TOD 60 20201105 130000 77.7175000 77.8100000 77.5200000 77.5950000 107983000
USD000000TOD 60 20201105 140000 77.5825000 77.7800000 77.5225000 77.6625000 86320000
USD000000TOD 60 20201105 150000 77.6650000 77.7625000 77.4900000 77.5700000 69526000
USD000000TOD 60 20201105 160000 77.5650000 77.5825000 77.3125000 77.4500000 81039000
USD000000TOD 60 20201105 170000 77.4500000 77.5500000 77.2875000 77.3525000 40448000
USD000000TOD 60 20201106 100000 77.4025000 77.4025000 76.9500000 77.1450000 257416000
USD000000TOD 60 20201106 110000 77.1450000 77.4600000 77.0025000 77.4550000 154087000
USD000000TOD 60 20201106 120000 77.4700000 77.6675000 77.3900000 77.5775000 110634000
USD000000TOD 60 20201106 130000 77.6000000 77.6225000 77.3500000 77.4700000 113349000
USD000000TOD 60 20201106 140000 77.4775000 77.5550000 77.2475000 77.4525000 70040000
USD000000TOD 60 20201106 150000 77.4700000 77.7800000 77.3625000 77.7450000 81193000
USD000000TOD 60 20201106 160000 77.7425000 77.9000000 77.5250000 77.6525000 49789000
USD000000TOD 60 20201106 170000 77.6325000 77.8100000 77.4500000 77.6950000 28530000
USD000000TOD 60 20201109 100000 77.2600000 77.4725000 76.7400000 77.0025000 220712000
USD000000TOD 60 20201109 110000 77.0075000 77.2625000 76.8725000 77.2100000 194140000
USD000000TOD 60 20201109 120000 77.2100000 77.2250000 76.9425000 77.1200000 88535000
USD000000TOD 60 20201109 130000 77.1275000 77.2400000 76.9900000 77.0875000 76005000
USD000000TOD 60 20201109 140000 77.0775000 77.2100000 76.6800000 76.6975000 140640000
USD000000TOD 60 20201109 150000 76.7175000 76.7475000 75.9375000 75.9500000 180549000
USD000000TOD 60 20201109 160000 75.9625000 76.2200000 75.8500000 76.1250000 129260000
USD000000TOD 60 20201109 170000 76.1250000 76.1625000 75.9450000 76.0250000 192706000
USD000000TOD 60 20201110 100000 76.5775000 76.6000000 76.1125000 76.5275000 260736000
USD000000TOD 60 20201110 110000 76.5450000 76.5475000 76.2950000 76.3250000 132151000
USD000000TOD 60 20201110 120000 76.3350000 76.3925000 76.2200000 76.3275000 150913000
USD000000TOD 60 20201110 130000 76.3300000 76.4950000 76.2950000 76.4750000 99259000
USD000000TOD 60 20201110 140000 76.4800000 76.4975000 76.1900000 76.2650000 153403000
USD000000TOD 60 20201110 150000 76.2700000 76.4500000 76.2475000 76.3025000 92973000
USD000000TOD 60 20201110 160000 76.2825000 76.8025000 76.2750000 76.6100000 100670000
USD000000TOD 60 20201110 170000 76.6000000 76.8550000 76.5475000 76.7225000 38728000
USD000000TOD 60 20201112 100000 76.4975000 77.4600000 76.4975000 77.2075000 295455000
USD000000TOD 60 20201112 110000 77.2000000 77.2075000 76.8125000 76.8725000 273465000
USD000000TOD 60 20201112 120000 76.8650000 77.0650000 76.7975000 76.8525000 149237000
USD000000TOD 60 20201112 130000 76.8475000 76.8475000 76.6275000 76.8200000 121884000
USD000000TOD 60 20201112 140000 76.8200000 77.1725000 76.7050000 77.1725000 68440000
USD000000TOD 60 20201112 150000 77.1500000 77.5400000 77.0775000 77.4550000 132798000
USD000000TOD 60 20201112 160000 77.4425000 77.4775000 77.0925000 77.1250000 52369000
USD000000TOD 60 20201112 170000 77.1025000 77.3100000 77.0700000 77.2350000 16877000
